0000000000000000000000000000000000000000000000000000000000000000000000000000000000
0000000000000000000000000000000000000000000000000000000000000000000000000000000000
0000000000000000000000000000000000000000000000000000000000000000000000000000000000
0000000000000000000000000000000000000000000000000000000000000000000000000000000000
0000000000000000000000000000000000000000000000000000000000000000000000000000000000
0000000000000000000000000000000000000000000000000000000000000000000000000000000000
0000000000000000000000000000000000000000000000000000000000000000000000000000000000
0000000000000000000000000000000000000000000000000000000000000000000000000000000000
0000000000000000000000000000000000000000000000000000000000000000000000000000000000
0000000000000000000000000000000000000000000000000000000000000000000000000000000000
0000000000000000000000000000000000000000000000000000000000000000000000000000000000
0000000000000000000000000000000000000000000000000000000000000000000000000000000000
0000000000000000000000000000000000000000000000000000000000000000000000000000000000
0000000000000000000000000000000000000000000000000000000000000000000000000000000000
0000000000000000000000000000000000000000000000000000000000000000000000000000000000
0000000000000000000000000000000000000000000000000000000000000000000000000000000000
0000000000000000000000000000000000000000000000000000000000000000000000000000000000
0000000000000000000000000000000000000000000000000000000000000000000000000000000000
0000000000000000000000000000000000000000000000000000000000000000000000000000000000
0000000000000000000000000000000000000000000000000000000000000000000000000000000000
0000000000000000000000000000000000000000000000000000000000000000000000000000000000
0000000000000000000000000000000000000000000000000000000000000000000000000000000000
0000000000000000000000000000000000000000000000000000000000000000000000000000000000
0000000000000000000000000000000000000000000000000000000000000000000000000000000000
0000000000000000000000000000000000000000000000000000000000000000000000000000000000
0000000000000000000000000000000000000000000000000000000000000000000000000000000000
0000000000000000000000000000000000000000000000000000000000000000000000000000000000
0000000000000000000000000000001111110000000000000000000000000000000000000000000000
0000000000000000000000000000110000001100000000000000000000000000000000000000000000
0000000000000000000000000001000000000010000000000000000000000000000000000000000000
0000000000000000000000000010000000000001000000000000000000000000000000000000000000
0000000000000000000000000100000000000000100000000000000000000000000000000000000000
0000000000000000000000000100000000000000100000000000000000000000000000000000000000
0000000000000000000000000100000000000000100000000000000000000000000000000000000000
0000000000000000000000000100000111100000100000000000000000000000000000000000000000
0000000000000000000000000010000100100001000000000000000000000000000000000000000000
0000000000000000000000000001000100100010000000000000000000000000000000000000000000
0000000000000000000000000000100100100100000000000000000000000000000000000000000000
0000000000000000000000000000100100100100000000000000000000000000000000000000000000
0000000000000000000000000000110100101100000000000000000000000000000000000000000000
0000000000000000000000000000011111111000000000000000000000000000000000000000000000
0000000000000000000000000000110000111000000000000000000000000000000000000000000000
0000000000000000000000000000011100001100000000000000000000000000000000000000000000
0000000000000000000000000000010011001000000000000000000000000000000000000000000000
0000000000000000000000000000010000111100000000000000000000000000000000000000000000
0000000000000000000000000000011111111000000000000000000000000000000000000000000000
0000000000000000000000000000001111110000000000000000000000000000000000000000000000
0000000000000000000000000000000000000000000000000000000000000000000000000000000000
0000000000000000000000000000000000000000000000000000000000000000000000000000000000
0000000000000000000000000000000000000000000000000000000000000000000000000000000000
0000000000000000000000000000000000000000000000000000000000000000000000000000000000
0000000000000000000000000000000000000000000000000000000000000000000000000000000000
0000000000000000000000000000000000000000000000000000000000000000000000000000000000
0000000000000000000000000000000000000000000000000000000000000000000000000000000000
