0000000000000000000000000000000000000000000000000000000000000000000000000000000000
0000000000000000000000000000000000000000000000000000000000000000000000000000000000
0000000000000000000000000000000000000000000000000000000000000000000000000000000000
0000000000000000000000000000000000000000000000000000000000000000000000000000000000
0000000000000000000000000000000000000000000000000000000000000000000000000000000000
0000000000000000000000000000000000000000000000000000000000000000000000000000000000
0000000000000000000000000000000000000000000000000000000000000000000000000000000000
0000000000000000000000000000000001000000000000000000000000000000000000000000000000
0000000000000000000000000000000001000000000000000000000000000000000000000000000000
0000000000000000000000000000000001000000000000000000000000000000000000000000000000
0000000000000000000000000000000001000000000000000000000000000000000000000000000000
0000000000000000100000000000000001000000000000000010000000000000000000000000000000
0000000000000000010000000000000001000000000000000100000000000000000000000000000000
0000000000000000001000000000000001000000000000001000000000000000000000000000000000
0000000000000000000100000000000001000000000000010000000000000000000000000000000000
0000000000000000000010000000000001000000000000100000000000000000000000000000000000
0000000000000000000001000000001111111000000001000000000000000000000000000000000000
0000000000000000000000100001110000000111000010000000000000000000000000000000000000
0000000000000000000000010110000000000000110100000000000000000000000000000000000000
0000000000000000000000001000000000000000001000000000000000000000000000000000000000
0000000000000000000000010000000000000000000100000000000000000000000000000000000000
0000000000000000000000010000000000000000000100000000000000000000000000000000000000
0000000000000000000000100000000000000000000010000000000000000000000000000000000000
0000000000000000000000100000000000000000000010000000000000000000000000000000000000
0000000000000000000000100000000000000000000010000000000000000000000000000000000000
0000000000000000000001000000000000000000000001000000000000000000000000000000000000
0000000000000000000001000000000000000000000001000000000000000000000000000000000000
0000000000000000000001000000000000000000000001000000000000000000000000000000000000
0000000000111111111111000000000000000000000001111111111111110000000000000000000000
0000000000000000000001000000000000000000000001000000000000000000000000000000000000
0000000000000000000001000000000000000000000001000000000000000000000000000000000000
0000000000000000000001000000000000000000000001000000000000000000000000000000000000
0000000000000000000000100000000000000000000010000000000000000000000000000000000000
0000000000000000000000100000000000000000000010000000000000000000000000000000000000
0000000000000000000000100000000000000000000010000000000000000000000000000000000000
0000000000000000000000010000000000000000000100000000000000000000000000000000000000
0000000000000000000000010000000000000000000100000000000000000000000000000000000000
0000000000000000000000001000000000000000001000000000000000000000000000000000000000
0000000000000000000000010110000000000000110100000000000000000000000000000000000000
0000000000000000000000100001110000000111000010000000000000000000000000000000000000
0000000000000000000001000000001111111000000001000000000000000000000000000000000000
0000000000000000000010000000000001000000000000100000000000000000000000000000000000
0000000000000000000100000000000001000000000000010000000000000000000000000000000000
0000000000000000001000000000000001000000000000001000000000000000000000000000000000
0000000000000000010000000000000001000000000000000100000000000000000000000000000000
0000000000000000100000000000000001000000000000000010000000000000000000000000000000
0000000000000001000000000000000001000000000000000001000000000000000000000000000000
0000000000000010000000000000000001000000000000000000100000000000000000000000000000
0000000000000100000000000000000001000000000000000000000000000000000000000000000000
0000000000000000000000000000000001000000000000000000000000000000000000000000000000
0000000000000000000000000000000000000000000000000000000000000000000000000000000000
0000000000000000000000000000000000000000000000000000000000000000000000000000000000
0000000000000000000000000000000000000000000000000000000000000000000000000000000000
0000000000000000000000000000000000000000000000000000000000000000000000000000000000
